2620631
2620632
2620633
2620634
2620635
2620636
2620637
2620638
2620639
2620640
2620641
2620642
2620643
2620644
2620645
2620646
2620647
2620648
2620649
2620650
2620651
2620652
2620653
2620654
2620655
2620656
2620657
2620658
2620659
2620660
2620661
2620662
2620663
2620664
2620665
2620666
2620667
2620668
2620669
2620670
2620671
2620672
2620673
2620674
2620675
2620676
2620677
2620678
2620679
2620680
2620681
2620682
2620683
2620684
2620685
2620686
2620687
2620688
2620689
2620690
2620691
2620692
2620693
2620694
2620695
2620696
2620697
2620698
2620699
2620700
2620701
2620702
2620703
2620704
2620705
2620706
2620707
2620708
2620709
2620710
2620711
2620712
2620713
2620714
2620715
2620716
2620717
2620718
2620719
2620720
2620721
2620722
2620723
2620724
2620725
2620726
2620727
2620728
2620729
2620730
2620731
2620732
2620733
2620734
2620735
2620736
2620737
2620738
