80330697
16147239
27449509
60112079
58652938
1540916
64434248
85499099
87542130
37215609
52887881
70124963
63199443
53736922
65116265
94218594
24878668
42653458
83204318
41283796
77462583
81117822
41236027
58524014
79832484
74450269
99609823
13221227
608010
81067794
26297744
129110
11090195
1672223
73154479
87246294
55850722
29290141
59657060
44314328
6998717
74745197
80115738
6704484
63632499
6421547
23026057
6967002
29424830
39019239
42222459
49803660
52031118
56621307
64111517
8187308
89792899
97803089
69300984
96313268
88082370
1478511
65107628
92251594
23414347
65420694
1591602
6795988
45983633
31331620
3026325
43831969
55165844
65026156
47977465
38293700
26967371
82898204
48721324
14025599
24870599
18046620
50899984
98047223
86759153
55279535
80335575
60291577
70750708
36003097
59983046
38865316
7586664
62949776
16838203
39557625
36840967
16555733
59061799
39043509
8934
147228935
147228936
147228937
147228941
147228942
147228943
147228944
147228945
147228946
147228947
