217993425
217993435
217993445
217993455
217993465
217993475
217993485
217993495
217993505
217993515
217993525
217993535
217993545
217993555
217993565
217993575
217993585
217993595
217993605
217993615
217993625
217993635
217993645
217993655
217993665
217993675
217993685
217993695
217993705
217993715
217993725
217993735
217993745
217993755
217993765
217993775
217993785
217993795
217993805
217993815
217993825
217993835
217993845
217993855
217993865
217993875
217993885
217993895
217993905
217993915
217993925
217993935
217993945
217993955
217993965
217993975
217993985
217993995
217994005
217994015
217994025
217994035
217994045
217994055
217994065
217994075
