217942713
217942714
217942715
217942716
217942717
217942718
217942719
217942720
217942721
217942722
217942723
217942724
217942725
217942726
217942727
217942728
217942729
217942730
217942731
217942732
217942733
217942734
217942735
217942736
217942737
217942738
217942739
217942740
217942741
217942742
217942743
217942744
217942745
217942746
217942748
217942749
217942750
217942751
217942752
217942753
217942754
217942755
217942756
217942757
217942758
217942759
217942760
217942761
217942762
217942763
217942764
217942765
217942766
217942767
217942768
217942769
217942770
217942771
217942772
217942773
217942774
217942775
217942776
217942777
217942778
217942779
217942780
217942781
217942782
217942783
217942784
217942785
217942786
217942787
217942788
217942789
217942790
217942791
217942792
217942793
217942796
217942797
217942798
217942799
217942800
217942801
217942802
217942803
217942804
217942805
217942811
217942812
217942813
217942814
217942815
217942816
217942817
217942818
217942819
217942820
